#permanent_code,gen1,gen2,gen3,level,name,imp,org_code
16777216;1;0;0;1;Automotive;9999;9
33554432;2;0;0;1;Business;9999;8
50331648;3;0;0;1;Eating & Drinking;9999;12
67108864;4;0;0;1;Government & Public Services;9999;10
83886080;5;0;0;1;Healthcare;9999;1
100663296;6;0;0;1;Label Features;9999;5
117440512;7;0;0;1;Leisure;9999;7
134217728;8;0;0;1;Lodging/Living Accommodation;9999;11
150994944;9;0;0;1;Shopping;9999;6
167772160;10;0;0;1;Sports;9999;2
184549376;11;0;0;1;Tourism;9999;4
201326592;12;0;0;1;Transport;9999;3
16842752;1;1;0;2;Automotive Dealer;9999;9910
16908288;1;2;0;2;Car Wash;9999;9155
16973824;1;3;0;2;Electric Vehicle Station;9999;7309
17039360;1;4;0;2;Motoring Organization Office;9999;7368
17104896;1;5;0;2;Open Parking Area;9999;7369
17170432;1;6;0;2;Parking Garage;9999;7313
17235968;1;7;0;2;Petrol Station;9999;7311
17301504;1;8;0;2;Rent-a-Car Facility;9999;7312
17367040;1;9;0;2;Rent-a-Car Parking;9999;9930
17432576;1;10;0;2;Repair Facility;9999;7310
17498112;1;11;0;2;Rest Area;9999;7395
17563648;1;12;0;2;Toll Gate;9999;7375
17629184;1;13;0;2;Truck Stop;9999;7358
17694720;1;14;0;2;Weigh Station;9999;7359
33619968;2;1;0;2;Agriculture Business;9999;7335
33685504;2;2;0;2;Bank;9;7328
33751040;2;3;0;2;Business Park;9999;7378
33816576;2;4;0;2;Cash Dispenser;9999;7397
33882112;2;5;0;2;Commercial Building;9999;9382
33947648;2;6;0;2;Company;9999;9352
34013184;2;7;0;2;Courier Drop Box;9999;7388
34078720;2;8;0;2;Emergency Medical Service;9999;7391
34144256;2;9;0;2;Exchange;9999;9160
34209792;2;10;0;2;Exhibition & Convention Center;9;9377
34275328;2;11;0;2;Industrial Building;9999;9383
34340864;2;12;0;2;Manufacturing Facility;9999;9156
34406400;2;13;0;2;Media Facility;9999;9158
34471936;2;14;0;2;Research Facility;9999;9157
50397184;3;1;0;2;Café/Pub;9999;9376
50462720;3;2;0;2;Restaurant;9999;7315
50528256;3;3;0;2;Restaurant Area;9999;9359
67174400;4;1;0;2;City Center;9;7379
67239936;4;2;0;2;College/University;9;7377
67305472;4;3;0;2;Courthouse;9999;9363
67371008;4;4;0;2;Embassy;9999;7365
67436544;4;5;0;2;Fire Station/Brigade;9999;7392
67502080;4;6;0;2;Government Office;9999;7367
67567616;4;7;0;2;Library;9;9913
67633152;4;8;0;2;Military Installation;9999;9388
67698688;4;9;0;2;Native Reservation;9999;9389
67764224;4;10;0;2;Non Governmental Organization;9999;9152
67829760;4;11;0;2;Police Station;9;7322
67895296;4;12;0;2;Post Office;9;7324
67960832;4;13;0;2;Primary Resource/Utility;9999;9150
68026368;4;14;0;2;Prison/Correctional Facility;9999;9154
68091904;4;15;0;2;Public Amenity;9999;9932
68157440;4;16;0;2;School;9;7372
68222976;4;17;0;2;Traffic Service Center;9999;7301
68288512;4;18;0;2;Transport Authority/Vehicle Registration;9999;9151
68354048;4;19;0;2;Welfare Organization;9999;9153
83951616;5;1;0;2;Dentist;9999;9374
84017152;5;2;0;2;Doctor;9999;9373
84082688;5;3;0;2;Health Care Service;9999;9663
84148224;5;4;0;2;Hospital/Polyclinic;9999;7321
84213760;5;5;0;2;Pharmacy;9999;7326
84279296;5;6;0;2;Veterinarian;9;9375
100728832;6;1;0;2;Geographic Feature;9999;8099
117506048;7;1;0;2;Amusement Park;9999;9902
117571584;7;2;0;2;Casino;9999;7341
117637120;7;3;0;2;Cinema;9;7342
117702656;7;4;0;2;Club & Association;9999;9937
117768192;7;5;0;2;Community Center;9999;7363
117833728;7;6;0;2;Cultural Center;9999;7319
117899264;7;7;0;2;Entertainment;9999;9900
117964800;7;8;0;2;Leisure Center;9999;9378
118030336;7;9;0;2;Marina;9999;7347
118095872;7;10;0;2;Museum;9999;7317
118161408;7;11;0;2;Nightlife;9999;9379
118226944;7;12;0;2;Park and Recreation Area;9999;9362
118292480;7;13;0;2;Theater;9;7318
118358016;7;14;0;2;Trail System;9999;7302
118423552;7;15;0;2;Winery;9999;7349
118489088;7;16;0;2;Zoo, Arboreta & Botanical Garden;9;9927
134283264;8;1;0;2;Camping Ground;9999;7360
134348800;8;2;0;2;Holiday Rental;9999;7304
134414336;8;3;0;2;Hotel/Motel;9;7314
134479872;8;4;0;2;Residential Accommodation;9999;7303
151060480;9;1;0;2;Department Store;9999;7327
151126016;9;2;0;2;Market;9999;7332
151191552;9;3;0;2;Shop;9999;9361
151257088;9;4;0;2;Shopping Center;9;7373
167837696;10;1;0;2;Golf Course;9999;9911
167903232;10;2;0;2;Ice Skating Rink;9999;9360
167968768;10;3;0;2;Sports Center;9;7320
168034304;10;4;0;2;Stadium;9999;7374
168099840;10;5;0;2;Swimming Pool;9999;7338
168165376;10;6;0;2;Tennis Court;9999;9369
168230912;10;7;0;2;Water Sport;9999;9371
184614912;11;1;0;2;Adventure Sports Venue;9999;7305
184680448;11;2;0;2;Beach;9999;9357
184745984;11;3;0;2;Important Tourist Attraction;9;7376
184811520;11;4;0;2;Place of Worship;9999;7339
184877056;11;5;0;2;Scenic/Panoramic View;9999;7337
184942592;11;6;0;2;Tourist Information Office;9999;7316
201392128;12;1;0;2;Access Gateway;9999;7389
201457664;12;2;0;2;Airport;9;7383
201523200;12;3;0;2;Ferry Terminal;9999;7352
201588736;12;4;0;2;Frontier Crossing;9999;7366
201654272;12;5;0;2;Helipad/Helicopter Landing;9999;7308
201719808;12;6;0;2;Mountain Pass;9999;9935
201785344;12;7;0;2;Port/Warehouse Facility;9999;9159
201850880;12;8;0;2;Public Transport Stop;9999;9942
201916416;12;9;0;2;Railway Station;9;7380
16842753;1;1;1;3;ATV/Snowmobile;9999;9910009
16842754;1;1;2;3;Boat;9999;9910004
16842755;1;1;3;3;Bus;9999;9910008
16842756;1;1;4;3;Car;9999;9910002
16842757;1;1;5;3;Motorcycle;9999;9910003
16842758;1;1;6;3;Recreational Vehicles;9999;9910005
16842759;1;1;7;3;Truck;9999;9910006
16842760;1;1;8;3;Unspecified;9999;9910001
16842761;1;1;9;3;Van;9999;9910007
16908289;1;2;1;3;Car Wash;9999;9155002
16908290;1;2;2;3;Truck Wash;9999;9155003
16908291;1;2;3;3;Unspecified;9999;9155001
17432577;1;10;1;3;Bodyshops;9999;7310002
17432578;1;10;2;3;Car Glass Replacement Shops;9999;7310003
17432579;1;10;3;3;General Car Repair & Servicing;9999;7310004
17432580;1;10;4;3;Motorcycle Repair;9999;7310008
17432581;1;10;5;3;Other Repair Shops;9999;7310005
17432582;1;10;6;3;Sale & Installation of Car Accessories;9999;7310006
17432583;1;10;7;3;Truck Repair and Service;9999;7310009
17432584;1;10;8;3;Tyre(Tire) Services;9999;7310007
17432585;1;10;9;3;Unspecified;9999;7310001
17694721;1;14;1;3;Unspecified;9999;7359001
17694722;1;14;2;3;Weigh Scales;9999;7359003
17694723;1;14;3;3;Weigh Station;9999;7359002
33619969;2;1;1;3;Farm;9999;7335004
33619970;2;1;2;3;Horticulture;9999;7335002
33619971;2;1;3;3;Primary Producer;9999;7335003
33619972;2;1;4;3;Unspecified;9999;7335001
33947649;2;6;1;3;Advertising/Marketing;9999;9352003
33947650;2;6;2;3;Agricultural Technology;9999;9352012
33947651;2;6;3;3;Airline;9999;9352034
33947652;2;6;4;3;Animal Shelter;9999;9352045
33947653;2;6;5;3;Automobile;9999;9352013
33947654;2;6;6;3;Automobile Manufacturing;9999;9352041
33947655;2;6;7;3;Bridge & Tunnel Operations;9999;9352035
33947656;2;6;8;3;Bus Charter & Rentals;9999;9352025
33947657;2;6;9;3;Business Services;9999;9352039
33947658;2;6;10;3;Bus Lines;9999;9352027
33947659;2;6;11;3;Cable & Telephone;9999;9352040
33947660;2;6;12;3;Catering;9999;9352043
33947661;2;6;13;3;Chemicals;9999;9352014
33947662;2;6;14;3;Cleaning Services;9999;9352029
33947663;2;6;15;3;Computer & Data Services;9999;9352004
33947664;2;6;16;3;Computer Software;9999;9352005
33947665;2;6;17;3;Construction;9999;9352032
33947666;2;6;18;3;Diversified Finanacials;9999;9352006
33947667;2;6;19;3;Electronics;9999;9352015
33947668;2;6;20;3;Equipment Rental;9999;9352038
33947669;2;6;21;3;Funeral Service & Mortuaries;9999;9352036
33947670;2;6;22;3;Home Appliance Repair;9999;9352044
33947671;2;6;23;3;Import/Export and Distribution;9999;9352042
33947672;2;6;24;3;Insurance;9999;9352007
33947673;2;6;25;3;Investment Advisors;9999;9352037
33947674;2;6;26;3;Legal Services;9999;9352023
33947675;2;6;27;3;Mail/Package/Freight Delivery;9999;9352008
33947676;2;6;28;3;Manufacturing;9999;9352011
33947677;2;6;29;3;Mechanical Engineering;9999;9352016
33947678;2;6;30;3;Mining;9999;9352031
33947679;2;6;31;3;Moving & Storage;9999;9352033
33947680;2;6;32;3;OEM;9999;9352021
33947681;2;6;33;3;Oil & Natural Gas;9999;9352030
33947682;2;6;34;3;Pharmaceuticals;9999;9352018
33947683;2;6;35;3;Public Health Technologies;9999;9352017
33947684;2;6;36;3;Publishing Technologies;9999;9352019
33947685;2;6;37;3;Real Estate;9999;9352009
33947686;2;6;38;3;Savings Institution;9999;9352010
33947687;2;6;39;3;School Bus;9999;9352028
33947688;2;6;40;3;Service;9999;9352002
33947689;2;6;41;3;Taxi, Limousine & Shuttle Service;9999;9352026
33947690;2;6;42;3;Tax Services;9999;9352022
33947691;2;6;43;3;Tele Communications;9999;9352020
33947692;2;6;44;3;Transport;9999;9352024
33947693;2;6;45;3;Unspecified;9999;9352001
33947694;2;6;46;3;Wedding Services;9999;9352046
34144257;2;9;1;3;Currency Exchange;9999;9160004
34144258;2;9;2;3;Gold Exchange;9999;9160003
34144259;2;9;3;3;Stock Exchange;9999;9160002
34144260;2;9;4;3;Unspecified;9999;9160001
50397185;3;1;1;3;Café;9999;9376002
50397186;3;1;2;3;Coffee Shop;9999;9376006
50397187;3;1;3;3;Internet Café;9999;9376004
50397188;3;1;4;3;Microbrewery/Beer Garden;9999;9376007
50397189;3;1;5;3;Pub;9999;9376003
50397190;3;1;6;3;Tea House;9999;9376005
50397191;3;1;7;3;Unspecified;9999;9376001
50462721;3;2;1;3;Afghan;9999;7315081
50462722;3;2;2;3;African;9999;7315002
50462723;3;2;3;3;Algerian;9999;7315082
50462724;3;2;4;3;American;9999;7315003
50462725;3;2;5;3;Arabian;9999;7315083
50462726;3;2;6;3;Argentinean;9999;7315084
50462727;3;2;7;3;Armenian;9999;7315085
50462728;3;2;8;3;Asian(other);9999;7315062
50462729;3;2;9;3;Australian;9999;7315086
50462730;3;2;10;3;Austrian;9999;7315004
50462731;3;2;11;3;Banquet Rooms;9999;7315146
50462732;3;2;12;3;Barbecue;9999;7315005
50462733;3;2;13;3;Basque;9999;7315087
50462734;3;2;14;3;Belgian;9999;7315006
50462735;3;2;15;3;Bistro;9999;7315007
50462736;3;2;16;3;Bolivian;9999;7315088
50462737;3;2;17;3;Bosnian;9999;7315089
50462738;3;2;18;3;Brazilian;9999;7315072
50462739;3;2;19;3;British;9999;7315008
50462740;3;2;20;3;Buffet;9999;7315142
50462741;3;2;21;3;Bulgarian;9999;7315090
50462742;3;2;22;3;Burmese;9999;7315091
50462743;3;2;23;3;Cafeterias;9999;7315147
50462744;3;2;24;3;Californian;9999;7315009
50462745;3;2;25;3;Cambodian;9999;7315092
50462746;3;2;26;3;Canadian;9999;7315010
50462747;3;2;27;3;Caribbean;9999;7315011
50462748;3;2;28;3;Chicken;9999;7315070
50462749;3;2;29;3;Chilean;9999;7315093
50462750;3;2;30;3;Chinese;9999;7315012
50462751;3;2;31;3;Colombian;9999;7315094
50462752;3;2;32;3;Corsican;9999;7315095
50462753;3;2;33;3;Creole-Cajun;9999;7315063
50462754;3;2;34;3;Crêperie;9999;7315013
50462755;3;2;35;3;Cuban;9999;7315096
50462756;3;2;36;3;Cypriot;9999;7315097
50462757;3;2;37;3;Czech;9999;7315068
50462758;3;2;38;3;Danish;9999;7315098
50462759;3;2;39;3;Dominican;9999;7315099
50462760;3;2;40;3;Dongbei;9999;7315057
50462761;3;2;41;3;Doughnuts;9999;7315079
50462762;3;2;42;3;Dutch;9999;7315014
50462763;3;2;43;3;Egyptian;9999;7315100
50462764;3;2;44;3;English;9999;7315101
50462765;3;2;45;3;Erotic;9999;7315132
50462766;3;2;46;3;Ethiopian;9999;7315102
50462767;3;2;47;3;Exotic;9999;7315133
50462768;3;2;48;3;Fast Food;9999;7315015
50462769;3;2;49;3;Filipino;9999;7315016
50462770;3;2;50;3;Finnish;9999;7315104
50462771;3;2;51;3;Fondue;9999;7315134
50462772;3;2;52;3;French;9999;7315017
50462773;3;2;53;3;Fusion;9999;7315071
50462774;3;2;54;3;German;9999;7315018
50462775;3;2;55;3;Greek;9999;7315019
50462776;3;2;56;3;Grill;9999;7315020
50462777;3;2;57;3;Guangdong;9999;7315054
50462778;3;2;58;3;Hamburgers;9999;7315069
50462779;3;2;59;3;Hawaiian;9999;7315021
50462780;3;2;60;3;Hot Pot;9999;7315058
50462781;3;2;61;3;Hunan;9999;7315052
50462782;3;2;62;3;Hungarian;9999;7315022
50462783;3;2;63;3;Ice Cream Parlor;9999;7315078
50462784;3;2;64;3;Indian;9999;7315023
50462785;3;2;65;3;Indonesian;9999;7315024
50462786;3;2;66;3;International;9999;7315073
50462787;3;2;67;3;Iranian;9999;7315105
50462788;3;2;68;3;Irish;9999;7315065
50462789;3;2;69;3;Israeli;9999;7315106
50462790;3;2;70;3;Italian;9999;7315025
50462791;3;2;71;3;Jamaican;9999;7315066
50462792;3;2;72;3;Japanese;9999;7315026
50462793;3;2;73;3;Jewish;9999;7315027
50462794;3;2;74;3;Korean;9999;7315028
50462795;3;2;75;3;Kosher;9999;7315067
50462796;3;2;76;3;Latin American;9999;7315029
50462797;3;2;77;3;Lebanese;9999;7315030
50462798;3;2;78;3;Luxembourgian;9999;7315107
50462799;3;2;79;3;Macrobiotic;9999;7315135
50462800;3;2;80;3;Maghrib;9999;7315108
50462801;3;2;81;3;Maltese;9999;7315031
50462802;3;2;82;3;Mauritian;9999;7315109
50462803;3;2;83;3;Mediterranean;9999;7315032
50462804;3;2;84;3;Mexican;9999;7315033
50462805;3;2;85;3;Middle Eastern;9999;7315034
50462806;3;2;86;3;Mongolian;9999;7315110
50462807;3;2;87;3;Moroccan;9999;7315074
50462808;3;2;88;3;Mussels;9999;7315136
50462809;3;2;89;3;Nepalese;9999;7315111
50462810;3;2;90;3;Norwegian;9999;7315112
50462811;3;2;91;3;Organic;9999;7315075
50462812;3;2;92;3;Oriental;9999;7315035
50462813;3;2;93;3;Pakistani;9999;7315127
50462814;3;2;94;3;Peruvian;9999;7315061
50462815;3;2;95;3;Pizza;9999;7315036
50462816;3;2;96;3;Polish;9999;7315037
50462817;3;2;97;3;Polynesian;9999;7315129
50462818;3;2;98;3;Portuguese;9999;7315038
50462819;3;2;99;3;Provençal;9999;7315130
50462820;3;2;100;3;Pub Food;9999;7315039
50462821;3;2;101;3;Roadside;9999;7315041
50462822;3;2;102;3;Rumanian;9999;7315131
50462823;3;2;103;3;Russian;9999;7315040
50462824;3;2;104;3;Salad Bar;9999;7315143
50462825;3;2;105;3;Sandwich;9999;7315042
50462826;3;2;106;3;Savoyan;9999;7315113
50462827;3;2;107;3;Scandinavian;9999;7315114
50462828;3;2;108;3;Scottish;9999;7315115
50462829;3;2;109;3;Seafood;9999;7315043
50462830;3;2;110;3;Shandong;9999;7315053
50462831;3;2;111;3;Shanghai;9999;7315055
50462832;3;2;112;3;Sichuan;9999;7315056
50462833;3;2;113;3;Sicilian;9999;7315116
50462834;3;2;114;3;Slavic;9999;7315117
50462835;3;2;115;3;Slovak;9999;7315080
50462836;3;2;116;3;Snacks;9999;7315139
50462837;3;2;117;3;Soul Food;9999;7315064
50462838;3;2;118;3;Soup;9999;7315140
50462839;3;2;119;3;Spanish;9999;7315044
50462840;3;2;120;3;Steak House;9999;7315045
50462841;3;2;121;3;Sudanese;9999;7315118
50462842;3;2;122;3;Surinamese;9999;7315046
50462843;3;2;123;3;Sushi;9999;7315148
50462844;3;2;124;3;Swedish;9999;7315119
50462845;3;2;125;3;Swiss;9999;7315047
50462846;3;2;126;3;Syrian;9999;7315120
50462847;3;2;127;3;Taiwanese;9999;7315059
50462848;3;2;128;3;Take away;9999;7315145
50462849;3;2;129;3;Tapas;9999;7315076
50462850;3;2;130;3;Teppanyakki;9999;7315121
50462851;3;2;131;3;Thai;9999;7315048
50462852;3;2;132;3;Tibetan;9999;7315122
50462853;3;2;133;3;Tunisian;9999;7315123
50462854;3;2;134;3;Turkish;9999;7315049
50462855;3;2;135;3;Unspecified;9999;7315001
50462856;3;2;136;3;Uruguayan;9999;7315124
50462857;3;2;137;3;Vegetarian;9999;7315050
50462858;3;2;138;3;Venezuelan;9999;7315125
50462859;3;2;139;3;Vietnamese;9999;7315051
50462860;3;2;140;3;Welsh;9999;7315126
50462861;3;2;141;3;Western & Continental;9999;7315060
50462862;3;2;142;3;Yogurt/Juice Bar;9999;7315149
67239937;4;2;1;3;College/University;9;7377002
67239938;4;2;2;3;Junior College/Community College;9;7377003
67239939;4;2;3;3;Unspecified;9;7377001
67502081;4;6;1;3;National;9999;7367011
67502082;4;6;2;3;Order 1 Area;9999;7367010
67502083;4;6;3;3;Order 2 Area;9999;7367009
67502084;4;6;4;3;Order 3 Area;9999;7367008
67502085;4;6;5;3;Order 4 Area;9999;7367007
67502086;4;6;6;3;Order 5 Area;9999;7367006
67502087;4;6;7;3;Order 6 Area;9999;7367005
67502088;4;6;8;3;Order 7 Area;9999;7367004
67502089;4;6;9;3;Order 8 Area;9999;7367003
67502090;4;6;10;3;Order 9 Area;9999;7367002
67502091;4;6;11;3;Supra National;9999;7367012
67502092;4;6;12;3;Unspecified;9999;7367001
67829761;4;11;1;3;Order 1 Area;9;7322004
67829762;4;11;2;3;Order 8 Area;9;7322003
67829763;4;11;3;3;Order 9 Area;9;7322002
67829764;4;11;4;3;Unspecified;9;7322001
67895297;4;12;1;3;General;9;7324002
67895298;4;12;2;3;Local;9;7324003
67895299;4;12;3;3;Unspecified;9;7324001
68091905;4;15;1;3;Passenger Transport Ticket Office;9999;9932002
68091906;4;15;2;3;Pedestrian Subway;9999;9932003
68091907;4;15;3;3;Public Call Box;9999;9932004
68091908;4;15;4;3;Road Rescue;9999;9932006
68091909;4;15;5;3;Toilet;9999;9932005
68091910;4;15;6;3;Unspecified;9999;9932001
68157441;4;16;1;3;Art School;9;7372012
68157442;4;16;2;3;Child Care Facility;9;7372003
68157443;4;16;3;3;Culinary School;9;7372015
68157444;4;16;4;3;Driving School;9;7372016
68157445;4;16;5;3;High School;9;7372006
68157446;4;16;6;3;Language School;9;7372010
68157447;4;16;7;3;Middle School;9;7372014
68157448;4;16;8;3;Pre School;9;7372004
68157449;4;16;9;3;Primary School;9;7372005
68157450;4;16;10;3;School;9;7372002
68157451;4;16;11;3;Senior High School;9;7372007
68157452;4;16;12;3;Special School;9;7372013
68157453;4;16;13;3;Sport School;9;7372011
68157454;4;16;14;3;Technical School;9;7372009
68157455;4;16;15;3;Unspecified;9;7372001
68157456;4;16;16;3;Vocational Training;9;7372008
68222977;4;17;1;3;Traffic Control Department;9999;7301002
68222978;4;17;2;3;Unspecified;9999;7301001
84017153;5;2;1;3;General Practitioner;9999;9373002
84017154;5;2;2;3;Specialist;9999;9373003
84017155;5;2;3;3;Unspecified;9999;9373001
84082689;5;3;1;3;Ambulance Unit;9999;9663005
84082690;5;3;2;3;Blood Bank;9999;9663004
84082691;5;3;3;3;Personal Care Facility;9999;9663003
84082692;5;3;4;3;Personal Service;9999;9663002
84082693;5;3;5;3;Unspecified;9999;9663001
84148225;5;4;1;3;General;9999;7321002
84148226;5;4;2;3;Hospital for Women and Children;9;7321005
84148227;5;4;3;3;Hospital of Chinese Medicine;9;7321004
84148228;5;4;4;3;Special;9999;7321003
84148229;5;4;5;3;Unspecified;9999;7321001
100728833;6;1;1;3;Bay;9999;8099016
100728834;6;1;2;3;Cape;9999;8099020
100728835;6;1;3;3;Cave;9999;8099003
100728836;6;1;4;3;Cove;9999;8099017
100728837;6;1;5;3;Dune;9999;8099005
100728838;6;1;6;3;Harbor;9999;8099018
100728839;6;1;7;3;Hill;9999;8099025
100728840;6;1;8;3;Island;9999;8099022
100728841;6;1;9;3;Lagoon;9999;8099019
100728842;6;1;10;3;Locale;9999;8099027
100728843;6;1;11;3;Marsh/Swamp/Vlei;9999;8099023
100728844;6;1;12;3;Mineral/Hot Springs;9999;8099021
100728845;6;1;13;3;Mountain Peak;9999;8099002
100728846;6;1;14;3;Oasis;9999;8099011
100728847;6;1;15;3;Pan;9999;8099009
100728848;6;1;16;3;Plain/Flat;9999;8099007
100728849;6;1;17;3;Plateau;9999;8099008
100728850;6;1;18;3;Quarry;9999;8099026
100728851;6;1;19;3;Rapids;9999;8099015
100728852;6;1;20;3;Reef;9999;8099014
100728853;6;1;21;3;Reservoir;9999;8099013
100728854;6;1;22;3;Ridge;9999;8099004
100728855;6;1;23;3;River Crossing;9999;8099024
100728856;6;1;24;3;Rocks;9999;8099012
100728857;6;1;25;3;Unspecified;9999;8099001
100728858;6;1;26;3;Valley;9999;8099006
100728859;6;1;27;3;Well;9999;8099010
117506049;7;1;1;3;Amusement Arcade;9999;9902002
117506050;7;1;2;3;Amusement Park;9999;9902003
117506051;7;1;3;3;Amusement Place;9999;9902004
117506052;7;1;4;3;Unspecified;9999;9902001
117637121;7;3;1;3;Cinema;9;7342002
117637122;7;3;2;3;Drive-In Cinema;9;7342003
117637123;7;3;3;3;Unspecified;9;7342001
117702657;7;4;1;3;Beach Club;9999;9937002
117702658;7;4;2;3;Hockey Club;9999;9937003
117702659;7;4;3;3;Unspecified;9999;9937001
117964801;7;8;1;3;Bowling;9999;9378002
117964802;7;8;2;3;Dance Studio & School;9999;9378003
117964803;7;8;3;3;Flying Club;9999;9378004
117964804;7;8;4;3;Sauna, Solarium & Massage;9999;9378005
117964805;7;8;5;3;Snooker, Pool & Billiard;9999;9378006
117964806;7;8;6;3;Unspecified;9999;9378001
118030337;7;9;1;3;Marina;9999;7347002
118030338;7;9;2;3;Unspecified;9999;7347001
118030339;7;9;3;3;Yacht Basin;9999;7347003
118161409;7;11;1;3;Bar;9999;9379004
118161410;7;11;2;3;Cocktail Bar;9999;9379006
118161411;7;11;3;3;Comedy Club;9999;9379009
118161412;7;11;4;3;Discotheque;9999;9379002
118161413;7;11;5;3;Jazz Club;9999;9379008
118161414;7;11;6;3;Karaoke Club;9999;9379010
118161415;7;11;7;3;Private Club;9999;9379003
118161416;7;11;8;3;Unspecified;9999;9379001
118161417;7;11;9;3;Wine Bar;9999;9379007
118226945;7;12;1;3;Battlefield;9999;9362002
118226946;7;12;2;3;Boat Launching Ramp;9999;9362032
118226947;7;12;3;3;Cemetery;9999;9362003
118226948;7;12;4;3;Fairground;9999;9362017
118226949;7;12;5;3;Fishing & Hunting Area;9999;9362016
118226950;7;12;6;3;Forest Area;9999;9362015
118226951;7;12;7;3;Historical Park;9999;9362005
118226952;7;12;8;3;Historic Site;9999;9362004
118226953;7;12;9;3;Lakeshore;9999;9362006
118226954;7;12;10;3;Memorial;9999;9362007
118226955;7;12;11;3;Natural Attraction;9999;9362030
118226956;7;12;12;3;Other Winter Sport;9999;9362025
118226957;7;12;13;3;Park;9999;9362008
118226958;7;12;14;3;Parkway;9999;9362009
118226959;7;12;15;3;Picnic Area;9999;9362033
118226960;7;12;16;3;Preserve;9999;9362010
118226961;7;12;17;3;Recreation Area;9999;9362011
118226962;7;12;18;3;River Scenic Area;9999;9362036
118226963;7;12;19;3;Seashore;9999;9362013
118226964;7;12;20;3;Ski Resort;9999;9362026
118226965;7;12;21;3;Unspecified;9999;9362001
118226966;7;12;22;3;Wilderness Area;9999;9362014
118292481;7;13;1;3;Amphitheater;9;7318007
118292482;7;13;2;3;Cabaret;9;7318006
118292483;7;13;3;3;Concert Hall;9;7318002
118292484;7;13;4;3;Dinner Theater;9;7318008
118292485;7;13;5;3;Music Center;9;7318003
118292486;7;13;6;3;Opera;9;7318004
118292487;7;13;7;3;Theater;9;7318005
118292488;7;13;8;3;Unspecified;9;7318001
118358017;7;14;1;3;Adventure Vehicle;9999;7302003
118358018;7;14;2;3;Hiking;9999;7302004
118358019;7;14;3;3;Horse Riding;9999;7302005
118358020;7;14;4;3;Mountain Bike;9999;7302002
118358021;7;14;5;3;Rock Climbing;9999;7302006
118358022;7;14;6;3;Unspecified;9999;7302001
118489089;7;16;1;3;Aquatic Zoo & Marine Park;9;9927004
118489090;7;16;2;3;Arboreta & Botanical Gardens;9;9927002
118489091;7;16;3;3;Unspecified;9;9927001
118489092;7;16;4;3;Wildlife Park;9;9927005
118489093;7;16;5;3;Zoo;9;9927003
134283265;8;1;1;3;Caravan Site;9999;7360003
134283266;8;1;2;3;Recreational;9999;7360002
134283267;8;1;3;3;Unspecified;9999;7360001
134348801;8;2;1;3;Apartment;9999;7304006
134348802;8;2;2;3;Bungalow;9999;7304004
134348803;8;2;3;3;Chalet;9999;7304005
134348804;8;2;4;3;Cottage;9999;7304002
134348805;8;2;5;3;Unspecified;9999;7304001
134348806;8;2;6;3;Villa;9999;7304003
134414337;8;3;1;3;Bed & Breakfast & Guest Houses;9;7314002
134414338;8;3;2;3;Cabins & Lodges;9;7314007
134414339;8;3;3;3;Hostel;9;7314004
134414340;8;3;4;3;Hotel;9;7314003
134414341;8;3;5;3;Motel;9;7314006
134414342;8;3;6;3;Resort;9;7314005
134414343;8;3;7;3;Rest Camps;9;7314008
134414344;8;3;8;3;Unspecified;9;7314001
134479873;8;4;1;3;Condominium Complex;9999;7303006
134479874;8;4;2;3;Flats/Apartment Complex;9999;7303003
134479875;8;4;3;3;Residential Estate;9999;7303004
134479876;8;4;4;3;Retirement Community;9999;7303002
134479877;8;4;5;3;Townhouse Complex;9999;7303005
134479878;8;4;6;3;Unspecified;9999;7303001
151126017;9;2;1;3;Farmers;9999;7332004
151126018;9;2;2;3;Informal;9999;7332002
151126019;9;2;3;3;Public;9999;7332003
151126020;9;2;4;3;Supermarkets & Hypermarkets;9999;7332005
151126021;9;2;5;3;Unspecified;9999;7332001
151191553;9;3;1;3;Agricultural Supplies;9999;9361073
151191554;9;3;2;3;Animal Services;9999;9361048
151191555;9;3;3;3;Antique/Art;9999;9361049
151191556;9;3;4;3;Bags & Leatherwear;9999;9361058
151191557;9;3;5;3;Beauty Salon;9999;9361067
151191558;9;3;6;3;Beauty Supplies;9999;9361050
151191559;9;3;7;3;Betting Station;9999;9361072
151191560;9;3;8;3;Boating Equipment & Accessories;9999;9361083
151191561;9;3;9;3;Book Shops;9999;9361002
151191562;9;3;10;3;CD's, DVD & Videos;9999;9361003
151191563;9;3;11;3;CD/Video Rental;9999;9361044
151191564;9;3;12;3;Christmas/Holiday Store;9999;9361082
151191565;9;3;13;3;Clothing & Accessories: Children;9999;9361004
151191566;9;3;14;3;Clothing & Accessories: Footwear & Shoe Repairs;9999;9361005
151191567;9;3;15;3;Clothing & Accessories: General;9999;9361006
151191568;9;3;16;3;Clothing & Accessories: Men;9999;9361007
151191569;9;3;17;3;Clothing & Accessories: Specialty;9999;9361079
151191570;9;3;18;3;Clothing & Accessories: Women;9999;9361008
151191571;9;3;19;3;Construction Material & Equipment;9999;9361042
151191572;9;3;20;3;Convenience Stores;9999;9361009
151191573;9;3;21;3;Delicatessen;9999;9361060
151191574;9;3;22;3;Drive Through Bottle Shop;9999;9361076
151191575;9;3;23;3;Drug Store;9999;9361051
151191576;9;3;24;3;Dry cleaners;9999;9361010
151191577;9;3;25;3;Electrical Appliance;9999;9361052
151191578;9;3;26;3;Electrical, Office & IT: Camera's & Photography ;9999;9361011
151191579;9;3;27;3;Electrical, Office & IT: Computer & Computer Supplies;9999;9361012
151191580;9;3;28;3;Electrical, Office & IT: Consumer Electronics;9999;9361013
151191581;9;3;29;3;Electrical, Office & IT: Office Equipment;9999;9361014
151191582;9;3;30;3;Factory Outlet;9999;9361016
151191583;9;3;31;3;Florists;9999;9361017
151191584;9;3;32;3;Food & Drinks: Bakers;9999;9361018
151191585;9;3;33;3;Food & Drinks: Butchers;9999;9361019
151191586;9;3;34;3;Food & Drinks: Fishmongers;9999;9361020
151191587;9;3;35;3;Food & Drinks: Food markets;9999;9361021
151191588;9;3;36;3;Food & Drinks: Green Grocers;9999;9361022
151191589;9;3;37;3;Food & Drinks: Grocers;9999;9361023
151191590;9;3;38;3;Food & Drinks: Other Food Shops;9999;9361024
151191591;9;3;39;3;Food & Drinks: Wine & Spirits;9999;9361025
151191592;9;3;40;3;Furniture/Home Furnishings;9999;9361054
151191593;9;3;41;3;Gifts, Cards, Novelties & Souvenirs;9999;9361026
151191594;9;3;42;3;Glassware/Ceramic;9999;9361055
151191595;9;3;43;3;Hairdressers & Barbers;9999;9361027
151191596;9;3;44;3;Hardware;9999;9361069
151191597;9;3;45;3;Hobby/Free Time;9999;9361053
151191598;9;3;46;3;House & Garden: Carpet/Floor Coverings;9999;9361028
151191599;9;3;47;3;House & Garden: Curtains/Textiles;9999;9361029
151191600;9;3;48;3;House & Garden: Do-It-Yourself Centers;9999;9361030
151191601;9;3;49;3;House & Garden: Furniture & Fittings;9999;9361031
151191602;9;3;50;3;House & Garden: Garden Centers & Services;9999;9361032
151191603;9;3;51;3;House & Garden: Glass & Windows;9999;9361080
151191604;9;3;52;3;House & Garden: Kitchens & Bathrooms;9999;9361033
151191605;9;3;53;3;House & Garden: Lighting;9999;9361034
151191606;9;3;54;3;House & Garden: Painting & Decorating;9999;9361035
151191607;9;3;55;3;Jewelry, Clocks & Watches;9999;9361036
151191608;9;3;56;3;Laundry;9999;9361045
151191609;9;3;57;3;Local Specialities;9999;9361056
151191610;9;3;58;3;Lottery Shop;9999;9361071
151191611;9;3;59;3;Marine Electronic Equipment;9999;9361065
151191612;9;3;60;3;Medical Supplies & Equipment;9999;9361043
151191613;9;3;61;3;Mobile Phone Shop;9999;9361075
151191614;9;3;62;3;Musical Instruments;9999;9361059
151191615;9;3;63;3;Nail Salon;9999;9361068
151191616;9;3;64;3;Newsagents & Tobacconists;9999;9361037
151191617;9;3;65;3;Opticians;9999;9361038
151191618;9;3;66;3;Pawn Shop;9999;9361070
151191619;9;3;67;3;Pet Supplies;9999;9361064
151191620;9;3;68;3;Photocopy;9999;9361047
151191621;9;3;69;3;Photo Lab/Development;9999;9361046
151191622;9;3;70;3;Real Estate Agents;9999;9361015
151191623;9;3;71;3;Recycling Shop;9999;9361057
151191624;9;3;72;3;Retail Outlet;9999;9361063
151191625;9;3;73;3;Security Products;9999;9361078
151191626;9;3;74;3;Shopping Service;9999;9361062
151191627;9;3;75;3;Specialty Foods;9999;9361061
151191628;9;3;76;3;Sports Equipment & Clothing;9999;9361039
151191629;9;3;77;3;Stamp Shop;9999;9361074
151191630;9;3;78;3;Tailor Shop;9999;9361077
151191631;9;3;79;3;Toys & Games;9999;9361040
151191632;9;3;80;3;Travel Agents;9999;9361041
151191633;9;3;81;3;Unspecified;9999;9361001
151191634;9;3;82;3;Variety Store;9999;9361081
151191635;9;3;83;3;Wholesale Clubs;9999;9361066
167968769;10;3;1;3;Fitness Club & Center;9;7320002
167968770;10;3;2;3;Horse Riding;9;7320003
167968771;10;3;3;3;Sports Center;9;7320004
167968772;10;3;4;3;Squash Court;9;7320006
167968773;10;3;5;3;Thematic Sport;9;7320005
167968774;10;3;6;3;Unspecified;9;7320001
168034305;10;4;1;3;Athletic;9999;7374002
168034306;10;4;2;3;Baseball;9999;7374009
168034307;10;4;3;3;Basketball;9999;7374012
168034308;10;4;4;3;Cricket Ground;9999;7374003
168034309;10;4;5;3;Football;9999;7374010
168034310;10;4;6;3;Horse Racing;9999;7374005
168034311;10;4;7;3;Ice Hockey;9999;7374008
168034312;10;4;8;3;Motor Sport;9999;7374011
168034313;10;4;9;3;Multi-Purpose;9999;7374006
168034314;10;4;10;3;Netball;9999;7374014
168034315;10;4;11;3;Race Track;9999;7374013
168034316;10;4;12;3;Rugby Ground;9999;7374007
168034317;10;4;13;3;Soccer;9999;7374004
168034318;10;4;14;3;Unspecified;9999;7374001
184745985;11;3;1;3;Arch;9;7376012
184745986;11;3;2;3;Bridge;9;7376010
184745987;11;3;3;3;Building;9;7376002
184745988;11;3;4;3;Dam;9;7376007
184745989;11;3;5;3;Mausoleum/Grave;9;7376011
184745990;11;3;6;3;Monument;9;7376003
184745991;11;3;7;3;Natural Attraction;9;7376004
184745992;11;3;8;3;Observatory;9;7376005
184745993;11;3;9;3;Planetarium;9;7376006
184745994;11;3;10;3;Statue;9;7376013
184745995;11;3;11;3;Tower;9;7376009
184745996;11;3;12;3;Tunnel;9;7376008
184745997;11;3;13;3;Unspecified;9;7376001
184745998;11;3;14;3;Water Hole;9;7376014
184811521;11;4;1;3;Ashram;9999;7339007
184811522;11;4;2;3;Church;9999;7339002
184811523;11;4;3;3;Gurudwara;9999;7339006
184811524;11;4;4;3;Mosque;9999;7339003
184811525;11;4;5;3;Pagoda;9999;7339008
184811526;11;4;6;3;Synagogue;9999;7339004
184811527;11;4;7;3;Temple;9999;7339005
184811528;11;4;8;3;Unspecified;9999;7339001
201392129;12;1;1;3;Airline Access;9999;7389002
201392130;12;1;2;3;Security Gate;9999;7389004
201392131;12;1;3;3;Station Access;9999;7389003
201392132;12;1;4;3;Unspecified;9999;7389001
201457665;12;2;1;3;Airfield;9;7383005
201457666;12;2;2;3;Military Authority;9;7383004
201457667;12;2;3;3;Private Authority;9;7383003
201457668;12;2;4;3;Public Authority;9;7383002
201457669;12;2;5;3;Unspecified;9;7383001
201850881;12;8;1;3;Bus Stop;9999;9942002
201850882;12;8;2;3;Coach Stop;9999;9942005
201850883;12;8;3;3;Taxi Stand;9999;9942003
201850884;12;8;4;3;Tram Stop;9999;9942004
201850885;12;8;5;3;Unspecified;9999;9942001
201916417;12;9;1;3;International;9;7380002
201916418;12;9;2;3;Metro;9;7380005
201916419;12;9;3;3;National;9;7380003
201916420;12;9;4;3;Railway Siding;9;7380006
201916421;12;9;5;3;(Sub) Urban;9;7380004
201916422;12;9;6;3;Unspecified;9;7380001
