#permanent_code,gen1,gen2,gen3,level,name,imp,org_code,tr_name
1191182336;71;0;0;1;汽车服务;9999;10000;
1207959552;72;0;0;1;汽车销售;9999;20000;
1224736768;73;0;0;1;汽车维修 ;9999;30000;
1241513984;74;0;0;1;摩托车服务;9999;40000;
1258291200;75;0;0;1;餐饮服务 ;9999;50000;
1275068416;76;0;0;1;购物服务;9999;60000;
1291845632;77;0;0;1;生活服务;9999;70000;
1308622848;78;0;0;1;体育休闲服务;9999;80000;
1325400064;79;0;0;1;医疗保健服务;9999;90000;
1342177280;80;0;0;1;住宿服务;9999;100000;
1358954496;81;0;0;1;风景名胜;9999;110000;
1375731712;82;0;0;1;商务住宅;9999;120000;
1392508928;83;0;0;1;政府机构及社会团体;9999;130000;
1409286144;84;0;0;1;科教文化服务;9999;140000;
1426063360;85;0;0;1;交通设施服务;9999;150000;
1442840576;86;0;0;1;金融保险服务;9999;160000;
1459617792;87;0;0;1;公司企业;9999;170000;
1476395008;88;0;0;1;道路附属设施;9999;180000;
1493172224;89;0;0;1;地名地址信息;9999;190000;
1509949440;90;0;0;1;公共设施;9999;200000;
1191247872;71;1;0;2;加油站;9999;10100;
1191313408;71;2;0;2;加油加气站;9999;10200;
1191378944;71;3;0;2;加气站;9999;10300;
1191444480;71;4;0;2;汽车养护;9999;10400;
1191510016;71;5;0;2;洗车场;9999;10500;
1191575552;71;6;0;2;汽车俱乐部;9999;10600;
1191641088;71;7;0;2;汽车救援;9999;10700;
1191706624;71;8;0;2;汽车配件销售;9999;10800;
1191772160;71;9;0;2;汽车租赁;9999;10900;
1191837696;71;10;0;2;二手车交易;9999;11000;
1208025088;72;1;0;2;大众特约销售;9999;20100;
1208090624;72;2;0;2;本田特约销售;9999;20200;
1208156160;72;3;0;2;奥迪特约销售;9999;20300;
1208221696;72;4;0;2;通用特约销售;9999;20400;
1208352768;72;6;0;2;宝马特约销售;9999;20600;
1208418304;72;7;0;2;日产特约销售;9999;20700;
1208483840;72;8;0;2;雷诺特约销售;9999;20800;
1208549376;72;9;0;2;奔驰特约销售;9999;20900;
1208614912;72;10;0;2;丰田特约销售;9999;21000;
1208680448;72;11;0;2;斯巴鲁特约销售;9999;21100;
1208745984;72;12;0;2;标致雪铁龙特约销售;9999;21200;
1208811520;72;13;0;2;三菱特约销售 ;9999;21300;
1208877056;72;14;0;2;菲亚特约销售 ;9999;21400;
1208942592;72;15;0;2;法拉利特约销售;9999;21500;
1209008128;72;16;0;2;现代特约销售;9999;21600;
1209073664;72;17;0;2;起亚特约销售 ;9999;21700;
1209139200;72;18;0;2;福特特约销售;9999;21800;
1209204736;72;19;0;2;美洲豹特约销售;9999;21900;
1209270272;72;20;0;2;路虎特约销售;9999;22000;
1209335808;72;21;0;2;保时捷特约销售;9999;22100;
1209401344;72;22;0;2;东风特约销售;9999;22200;
1209466880;72;23;0;2;吉利特约销售;9999;22300;
1209532416;72;24;0;2;奇瑞特约销售;9999;22400;
1209597952;72;25;0;2;克莱斯勒销售;9999;22500;
1224802304;73;1;0;2;汽车综合维修;9999;30100;
1224867840;73;2;0;2;大众特约维修;9999;30200;
1224933376;73;3;0;2;本田特约维修;9999;30300;
1224998912;73;4;0;2;奥迪特约维修;9999;30400;
1225064448;73;5;0;2;通用特约维修;9999;30500;
1225195520;73;7;0;2;宝马特约维修;9999;30700;
1225261056;73;8;0;2;日产特约维修;9999;30800;
1225326592;73;9;0;2;雷诺特约维修;9999;30900;
1225392128;73;10;0;2;奔驰特约维修;9999;31000;
1225457664;73;11;0;2;丰田特约维修;9999;31100;
1225523200;73;12;0;2;斯巴鲁特约维修;9999;31200;
1225588736;73;13;0;2;标致雪铁龙特约维修;9999;31300;
1225654272;73;14;0;2;三菱特约维修;9999;31400;
1225719808;73;15;0;2;菲亚特特约维修;9999;31500;
1225785344;73;16;0;2;法拉利特约维修;9999;31600;
1225850880;73;17;0;2;现代特约维修;9999;31700;
1225916416;73;18;0;2;起亚特约维修 ;9999;31800;
1225981952;73;19;0;2;福特特约维修维修;9999;31900;
1226047488;73;20;0;2;美洲豹特约维修;9999;32000;
1226113024;73;21;0;2;路虎特约维修;9999;32100;
1226178560;73;22;0;2;保时捷特约维修;9999;32200;
1226244096;73;23;0;2;东风特约维修;9999;32300;
1226309632;73;24;0;2;吉利特约维修 ;9999;32400;
1226375168;73;25;0;2;奇瑞特约维修;9999;32500;
1226440704;73;26;0;2;克莱斯勒维修;9999;32600;
1241579520;74;1;0;2;摩托车销售;9999;40100;
1241645056;74;2;0;2;摩托车维修;9999;40200;
1258356736;75;1;0;2;中餐厅;9999;50100;
1258422272;75;2;0;2;外国餐厅;9999;50200;
1258487808;75;3;0;2;快餐厅;9999;50300;
1258553344;75;4;0;2;休闲餐饮场所;9999;50400;
1258618880;75;5;0;2;咖啡厅;9999;50500;
1258684416;75;6;0;2;茶艺馆;9999;50600;
1258749952;75;7;0;2;冷饮店;9999;50700;
1258815488;75;8;0;2;糕饼店;9999;50800;
1258881024;75;9;0;2;甜品店;9999;50900;
1275199488;76;2;0;2;便民商店/便利店;9999;60200;
1275265024;76;3;0;2;家电电子卖场;9999;60300;
1275330560;76;4;0;2;超级市场;9999;60400;
1275396096;76;5;0;2;花鸟鱼虫市场;9999;60500;
1275461632;76;6;0;2;家居建材市场;9999;60600;
1275527168;76;7;0;2;综合市场;9999;60700;
1275592704;76;8;0;2;文化用品店;9999;60800;
1275658240;76;9;0;2;体育用品店;9999;60900;
1275723776;76;10;0;2;特色商业街;9999;61000;
1275789312;76;11;0;2;服装鞋帽皮具店;9999;61100;
1275854848;76;12;0;2;专卖店;9999;61200;
1275920384;76;13;0;2;特殊买卖场所;9999;61300;
1275985920;76;14;0;2;个人用品/化妆品店;9999;61400;
1291911168;77;1;0;2;旅行社;9999;70100;
1291976704;77;2;0;2;信息咨询中心;9999;70200;
1292042240;77;3;0;2;售票处;9999;70300;
1292107776;77;4;0;2;邮局;9999;70400;
1292173312;77;5;0;2;物流速递;9999;70500;
1292238848;77;6;0;2;电讯营业厅;9999;70600;
1292304384;77;7;0;2;事务所;9999;70700;
1292369920;77;8;0;2;人才市场;9999;70800;
1292435456;77;9;0;2;自来水营业厅;9999;70900;
1292500992;77;10;0;2;电力营业厅;9999;71000;
1292566528;77;11;0;2;美容美发店;9999;71100;
1292632064;77;12;0;2;维修站点;9999;71200;
1292697600;77;13;0;2;摄影冲印店;9999;71300;
1292763136;77;14;0;2;洗浴推拿场所;9999;71400;
1292828672;77;15;0;2;洗衣店;9999;71500;
1292894208;77;16;0;2;中介机构;9999;71600;
1292959744;77;17;0;2;搬家公司;9999;71700;
1293025280;77;18;0;2;彩票彩券销售点;9999;71800;
1293090816;77;19;0;2;丧葬设施;9999;71900;
1308688384;78;1;0;2;运动场馆;9999;80100;
1308753920;78;2;0;2;高尔夫相关;9999;80200;
1308819456;78;3;0;2;娱乐场所;9999;80300;
1308884992;78;4;0;2;度假疗养场所;9999;80400;
1308950528;78;5;0;2;休闲场所;9999;80500;
1309016064;78;6;0;2;影剧院;9999;80600;
1325465600;79;1;0;2;综合医院;9999;90100;
1325531136;79;2;0;2;专科医院;9999;90200;
1325596672;79;3;0;2;诊所;9999;90300;
1325662208;79;4;0;2;急救中心;9999;90400;
1325727744;79;5;0;2;疾病预防机构;9999;90500;
1325793280;79;6;0;2;医药保健销售店;9999;90600;
1325858816;79;7;0;2;动物医疗场所;9999;90700;
1342242816;80;1;0;2;宾馆酒店;9999;100100;
1342308352;80;2;0;2;旅馆招待所;9999;100200;
1359020032;81;1;0;2;公园广场;9999;110100;
1359085568;81;2;0;2;风景名胜;9999;110200;
1375797248;82;1;0;2;产业园区;9999;120100;
1375862784;82;2;0;2;楼宇;9999;120200;
1375928320;82;3;0;2;住宅区;9999;120300;
1392574464;83;1;0;2;政府机关;9999;130100;
1392640000;83;2;0;2;外国机构;9999;130200;
1392705536;83;3;0;2;民主党派;9999;130300;
1392771072;83;4;0;2;社会团体;9999;130400;
1392836608;83;5;0;2;公检法机构;9999;130500;
1392902144;83;6;0;2;交通车辆管理;9999;130600;
1392967680;83;7;0;2;工商税务机构;9999;130700;
1409351680;84;1;0;2;博物馆;9999;140100;
1409417216;84;2;0;2;展览馆;9999;140200;
1409482752;84;3;0;2;会展中心 ;9999;140300;
1409548288;84;4;0;2;美术馆 ;9999;140400;
1409613824;84;5;0;2;图书馆;9999;140500;
1409679360;84;6;0;2;科技馆;9999;140600;
1409744896;84;7;0;2;天文馆;9999;140700;
1409810432;84;8;0;2;文化宫;9999;140800;
1409875968;84;9;0;2;档案馆;9999;140900;
1409941504;84;10;0;2;文艺团体;9999;141000;
1410007040;84;11;0;2;传媒机构;9999;141100;
1410072576;84;12;0;2;学校;9999;141200;
1410138112;84;13;0;2;科研机构 ;9999;141300;
1410203648;84;14;0;2;培训机构;9999;141400;
1410269184;84;15;0;2;驾校;9999;141500;
1426128896;85;1;0;2;飞机场;9999;150100;
1426194432;85;2;0;2;火车站;9999;150200;
1426259968;85;3;0;2;港口码头;9999;150300;
1426325504;85;4;0;2;长途汽车站;9999;150400;
1426391040;85;5;0;2;地铁站;9999;150500;
1426456576;85;6;0;2;轻轨站;9999;150600;
1426522112;85;7;0;2;公交车站;9999;150700;
1426587648;85;8;0;2;班车站;9999;150800;
1426653184;85;9;0;2;停车场;9999;150900;
1426718720;85;10;0;2;过境口岸;9999;151000;
1442906112;86;1;0;2;金融保险服务机构;9999;160100;
1442971648;86;2;0;2;银行相关;9999;160200;
1443037184;86;3;0;2;自动提款机;9999;160300;
1443102720;86;4;0;2;保险公司;9999;160400;
1443168256;86;5;0;2;证券公司;9999;160500;
1443233792;86;6;0;2;财务公司;9999;160600;
1459683328;87;1;0;2;知名企业;9999;170100;
1459748864;87;2;0;2;公司;9999;170200;
1459814400;87;3;0;2;工厂;9999;170300;
1459879936;87;4;0;2;农林牧渔基地;9999;170400;
1476526080;88;2;0;2;收费站;9999;180200;
1476591616;88;3;0;2;服务区;9999;180300;
1493368832;89;3;0;2;交通地名;9999;190300;
1493499904;89;5;0;2;市中心;9999;190500;
1510014976;90;1;0;2;报刊亭;9999;200100;
1510080512;90;2;0;2;公用电话;9999;200200;
1510146048;90;3;0;2;公共厕所;9999;200300;
1510211584;90;4;0;2;紧急避难场所;9999;200400;
1191247873;71;1;1;3;中国石化;9999;10101;
1191247874;71;1;2;3;中国石油;9999;10102;
1191247875;71;1;3;3;壳牌;9999;10103;
1191247876;71;1;4;3;美孚;9999;10104;
1191247877;71;1;5;3;加德士;9999;10105;
1191247879;71;1;7;3;东方;9999;10107;
1191247880;71;1;8;3;中石油碧辟;9999;10108;
1191247881;71;1;9;3;中石化碧辟;9999;10109;
1191247882;71;1;10;3;道达尔;9999;10110;
1191247883;71;1;11;3;埃索;9999;10111;
1191772161;71;9;1;3;汽车租赁还车;9999;10901;
1208025089;72;1;1;3;上海大众销售;9999;20101;
1208025090;72;1;2;3;一汽大众销售;9999;20102;
1208025091;72;1;3;3;斯柯达销售;9999;20103;
1208090625;72;2;1;3;广汽本田销售;9999;20201;
1208090626;72;2;2;3;东风本田销售;9999;20202;
1208090627;72;2;3;3;本田讴歌销售;9999;20203;
1208156161;72;3;1;3;一汽大众奥迪销售;9999;20301;
1208221697;72;4;1;3;凯迪拉克销售;9999;20401;
1208221698;72;4;2;3;别克销售;9999;20402;
1208221699;72;4;3;3;雪佛兰销售;9999;20403;
1208221700;72;4;4;3;欧宝销售;9999;20404;
1208221701;72;4;5;3;萨博销售;9999;20405;
1208221702;72;4;6;3;沃克斯豪尔销售;9999;20406;
1208221703;72;4;7;3;土星销售;9999;20407;
1208221704;72;4;8;3;大宇销售;9999;20408;
1208352769;72;6;1;3;宝马MINI车销售;9999;20601;
1208352770;72;6;2;3;劳斯莱斯销售;9999;20602;
1208418305;72;7;1;3;东风日产销售;9999;20701;
1208418306;72;7;2;3;郑州日产销售;9999;20702;
1208418307;72;7;3;3;英菲尼迪销售;9999;20703;
1208549380;72;9;4;3;迈巴赫销售;9999;20904;
1208549381;72;9;5;3;精灵销售;9999;20905;
1208614913;72;10;1;3;一汽丰田销售;9999;21001;
1208614914;72;10;2;3;广汽丰田销售;9999;21002;
1208614915;72;10;3;3;雷克萨斯销售;9999;21003;
1208614916;72;10;4;3;大发销售;9999;21004;
1208745985;72;12;1;3;东风雪铁龙销售;9999;21201;
1208745986;72;12;2;3;标致销售;9999;21202;
1208877057;72;14;1;3;阿尔法-罗密欧销售;9999;21401;
1208942593;72;15;1;3;玛莎拉蒂销售;9999;21501;
1209139202;72;18;2;3;马自达销售;9999;21802;
1209139203;72;18;3;3;林肯销售;9999;21803;
1209139204;72;18;4;3;水星销售;9999;21804;
1209466881;72;23;1;3;沃尔沃销售;9999;22301;
1209597953;72;25;1;3;吉普销售 ;9999;22501;
1209597954;72;25;2;3;道奇销售;9999;22502;
1224867841;73;2;1;3;上海大众维修;9999;30201;
1224867842;73;2;2;3;一汽大众维修;9999;30202;
1224867843;73;2;3;3;斯柯达维修;9999;30203;
1224933377;73;3;1;3;广汽本田维修;9999;30301;
1224933378;73;3;2;3;东风本田维修;9999;30302;
1224933379;73;3;3;3;本田讴歌维修;9999;30303;
1224998913;73;4;1;3;一汽大众奥迪维修 ;9999;30401;
1225064449;73;5;1;3;凯迪拉克维修;9999;30501;
1225064450;73;5;2;3;别克维修;9999;30502;
1225064451;73;5;3;3;雪佛兰维修;9999;30503;
1225064452;73;5;4;3;欧宝维修;9999;30504;
1225064453;73;5;5;3;萨博维修;9999;30505;
1225064454;73;5;6;3;沃克斯豪尔维修;9999;30506;
1225064455;73;5;7;3;土星维修;9999;30507;
1225064456;73;5;8;3;大宇维修;9999;30508;
1225195521;73;7;1;3;宝马MINI维修;9999;30701;
1225195522;73;7;2;3;劳斯莱斯维修;9999;30702;
1225261057;73;8;1;3;英菲尼迪维修;9999;30801;
1225261058;73;8;2;3;东风日产维修;9999;30802;
1225261059;73;8;3;3;郑州日产维修;9999;30803;
1225392132;73;10;4;3;迈巴赫维修 ;9999;31004;
1225392133;73;10;5;3;精灵维修;9999;31005;
1225457665;73;11;1;3;一汽丰田维修;9999;31101;
1225457666;73;11;2;3;广汽丰田维修;9999;31102;
1225457667;73;11;3;3;雷克萨斯维修;9999;31103;
1225457668;73;11;4;3;大发维修;9999;31104;
1225588737;73;13;1;3;标致维修;9999;31301;
1225588738;73;13;2;3;东风雪铁龙维修;9999;31302;
1225719809;73;15;1;3;阿尔法-罗密欧维修;9999;31501;
1225785345;73;16;1;3;玛莎拉蒂维修 ;9999;31601;
1225981954;73;19;2;3;马自达维修;9999;31902;
1225981955;73;19;3;3;林肯维修;9999;31903;
1225981956;73;19;4;3;水星维修;9999;31904;
1226309633;73;24;1;3;沃尔沃维修;9999;32401;
1226440705;73;26;1;3;吉普维修;9999;32601;
1226440706;73;26;2;3;道奇维修;9999;32602;
1241579521;74;1;1;3;宝马摩托车销售;9999;40101;
1241645057;74;2;1;3;宝马摩托车维修;9999;40201;
1258356737;75;1;1;3;综合酒楼;9999;50101;
1258356738;75;1;2;3;四川菜（川菜）;9999;50102;
1258356739;75;1;3;3;广东菜(粤菜;9999;50103;
1258356740;75;1;4;3;山东菜（鲁菜）;9999;50104;
1258356741;75;1;5;3;江苏菜;9999;50105;
1258356742;75;1;6;3;浙江菜;9999;50106;
1258356743;75;1;7;3;上海菜;9999;50107;
1258356744;75;1;8;3;湖南菜（湘菜;9999;50108;
1258356745;75;1;9;3;安徽菜（徽菜）;9999;50109;
1258356746;75;1;10;3;福建菜 ;9999;50110;
1258356747;75;1;11;3;北京菜;9999;50111;
1258356748;75;1;12;3;湖北菜（鄂菜;9999;50112;
1258356749;75;1;13;3;东北菜;9999;50113;
1258356750;75;1;14;3;云贵菜;9999;50114;
1258356751;75;1;15;3;西北菜;9999;50115;
1258356752;75;1;16;3;老字号;9999;50116;
1258356753;75;1;17;3;火锅店 ;9999;50117;
1258356754;75;1;18;3;特色/地方风味餐厅;9999;50118;
1258356755;75;1;19;3;海鲜酒楼;9999;50119;
1258356756;75;1;20;3;中式素菜馆;9999;50120;
1258356757;75;1;21;3;清真菜馆;9999;50121;
1258356758;75;1;22;3;台湾菜 ;9999;50122;
1258356759;75;1;23;3;潮州菜;9999;50123;
1258422273;75;2;1;3;西餐厅(综合风味) ;9999;50201;
1258422274;75;2;2;3;日本料理;9999;50202;
1258422275;75;2;3;3;韩国料理;9999;50203;
1258422276;75;2;4;3;法式菜品餐厅;9999;50204;
1258422277;75;2;5;3;意式菜品餐厅;9999;50205;
1258422278;75;2;6;3;泰国/越南菜品餐厅;9999;50206;
1258422279;75;2;7;3;地中海风格菜品;9999;50207;
1258422280;75;2;8;3;美式风味;9999;50208;
1258422281;75;2;9;3;印度风味;9999;50209;
1258422282;75;2;10;3;英国式菜品餐厅;9999;50210;
1258422283;75;2;11;3;牛扒店(扒房);9999;50211;
1258422284;75;2;12;3;俄国菜;9999;50212;
1258422285;75;2;13;3;葡国菜;9999;50213;
1258422286;75;2;14;3;德国菜;9999;50214;
1258422287;75;2;15;3;巴西菜;9999;50215;
1258422288;75;2;16;3;墨西哥菜 ;9999;50216;
1258422289;75;2;17;3;其它亚洲菜;9999;50217;
1258487809;75;3;1;3;肯德基;9999;50301;
1258487810;75;3;2;3;麦当劳;9999;50302;
1258487811;75;3;3;3;必胜客;9999;50303;
1258487812;75;3;4;3;永和豆浆;9999;50304;
1258487813;75;3;5;3;茶餐厅;9999;50305;
1258487814;75;3;6;3;大家乐;9999;50306;
1258487815;75;3;7;3;大快活;9999;50307;
1258487816;75;3;8;3;美心;9999;50308;
1258487817;75;3;9;3;吉野家;9999;50309;
1258487818;75;3;10;3;仙迹岩;9999;50310;
1258618881;75;5;1;3;星巴克咖啡;9999;50501;
1258618882;75;5;2;3;上岛咖啡;9999;50502;
1258618883;75;5;3;3;Pacific Coffee Company;9999;50503;
1258618884;75;5;4;3;巴黎咖啡店;9999;50504;
1275133953;76;1;1;3;商场 ;9999;60101;
1275133954;76;1;2;3;购物中心;9999;60102;
1275133955;76;1;3;3;普通商场;9999;60103;
1275133956;76;1;4;3;免税品店;9999;60104;
1275199489;76;2;1;3;7-ELEVEN便利店;9999;60201;
1275199490;76;2;2;3;OK便利店;9999;60202;
1275265025;76;3;1;3;综合家电商场;9999;60301;
1275265026;76;3;2;3;国美;9999;60302;
1275265027;76;3;3;3;大中;9999;60303;
1275265028;76;3;4;3;苏宁;9999;60304;
1275265029;76;3;5;3;手机销售;9999;60305;
1275265030;76;3;6;3;数码电子;9999;60306;
1275265031;76;3;7;3;丰泽 ;9999;60307;
1275265032;76;3;8;3;苏宁镭射;9999;60308;
1275330561;76;4;1;3;家乐福;9999;60401;
1275330562;76;4;2;3;沃尔玛 ;9999;60402;
1275330563;76;4;3;3;华润;9999;60403;
1275330564;76;4;4;3;北京华联 ;9999;60404;
1275330565;76;4;5;3;上海华联;9999;60405;
1275330566;76;4;6;3;麦德龙;9999;60406;
1275330567;76;4;7;3;乐天玛特;9999;60407;
1275330568;76;4;8;3;华堂;9999;60408;
1275330569;76;4;9;3;卜蜂莲花;9999;60409;
1275330570;76;4;10;3;好又多;9999;60410;
1275330571;76;4;11;3;屈臣氏;9999;60411;
1275330572;76;4;12;3;乐购;9999;60412;
1275330573;76;4;13;3;惠康超市;9999;60413;
1275330574;76;4;14;3;百佳超市;9999;60414;
1275330575;76;4;15;3;万宁超市;9999;60415;
1275396097;76;5;1;3;花卉市场;9999;60501;
1275396098;76;5;2;3;宠物市场;9999;60502;
1275461633;76;6;1;3;家具建材综合市场;9999;60601;
1275461634;76;6;2;3;家具城;9999;60602;
1275461635;76;6;3;3;建材五金市场;9999;60603;
1275461636;76;6;4;3;厨卫市场;9999;60604;
1275461637;76;6;5;3;布艺市场;9999;60605;
1275461638;76;6;6;3;灯具瓷器市场;9999;60606;
1275527169;76;7;1;3;小商品市场;9999;60701;
1275527170;76;7;2;3;旧货市场;9999;60702;
1275527171;76;7;3;3;农副产品市场;9999;60703;
1275527172;76;7;4;3;果品市场;9999;60704;
1275527173;76;7;5;3;蔬菜市场;9999;60705;
1275527174;76;7;6;3;水产海鲜市场;9999;60706;
1275658241;76;9;1;3;李宁专卖店;9999;60901;
1275658242;76;9;2;3;耐克专卖店;9999;60902;
1275658243;76;9;3;3;阿迪达斯专卖店;9999;60903;
1275658244;76;9;4;3;锐步专卖店;9999;60904;
1275658245;76;9;5;3;彪马专卖店;9999;60905;
1275658246;76;9;6;3;高尔夫用品店;9999;60906;
1275658247;76;9;7;3;户外用品;9999;60907;
1275723777;76;10;1;3;步行街;9999;61001;
1275789313;76;11;1;3;品牌服装店;9999;61101;
1275789314;76;11;2;3;品牌鞋店 ;9999;61102;
1275789315;76;11;3;3;品牌皮具店 ;9999;61103;
1275854849;76;12;1;3;古玩字画店;9999;61201;
1275854850;76;12;2;3;珠宝首饰工艺品 ;9999;61202;
1275854851;76;12;3;3;钟表店;9999;61203;
1275854852;76;12;4;3;眼镜店 ;9999;61204;
1275854853;76;12;5;3;书店;9999;61205;
1275854854;76;12;6;3;音像店;9999;61206;
1275854855;76;12;7;3;儿童用品店;9999;61207;
1275854856;76;12;8;3;自行车专卖店;9999;61208;
1275854857;76;12;9;3;礼品饰品店;9999;61209;
1275854858;76;12;10;3;烟酒专卖店;9999;61210;
1275854859;76;12;11;3;宠物用品店;9999;61211;
1275854860;76;12;12;3;摄影器材店;9999;61212;
1275854861;76;12;13;3;宝马生活方式;9999;61213;
1275920385;76;13;1;3;拍卖行;9999;61301;
1275920386;76;13;2;3;典当行 ;9999;61302;
1275985921;76;14;1;3;莎莎 ;9999;61401;
1292042241;77;3;1;3;飞机票代售点;9999;70301;
1292042242;77;3;2;3;火车票代售点;9999;70302;
1292042243;77;3;3;3;长途汽车票代售点;9999;70303;
1292042244;77;3;4;3;船票代售点;9999;70304;
1292042245;77;3;5;3;公交卡/月票代售点;9999;70305;
1292042246;77;3;6;3;公园景点售票处;9999;70306;
1292107777;77;4;1;3;邮政速递 ;9999;70401;
1292238849;77;6;1;3;中国电信营业厅;9999;70601;
1292238851;77;6;3;3;中国移动营业厅;9999;70603;
1292238852;77;6;4;3;中国联通营业厅;9999;70604;
1292238853;77;6;5;3;中国铁通营业厅 ;9999;70605;
1292238854;77;6;6;3;中国卫通营业厅 ;9999;70606;
1292238855;77;6;7;3;和记电讯;9999;70607;
1292238856;77;6;8;3;数码通电讯 ;9999;70608;
1292238857;77;6;9;3;电讯盈科;9999;70609;
1292238858;77;6;10;3;中国移动香港;9999;70610;
1292304385;77;7;1;3;律师事务所;9999;70701;
1292304386;77;7;2;3;会计师事务所;9999;70702;
1292304387;77;7;3;3;评估事务所;9999;70703;
1292304388;77;7;4;3;审计事务所;9999;70704;
1292304389;77;7;5;3;认证事务所;9999;70705;
1292304390;77;7;6;3;专利事务所 ;9999;70706;
1293025281;77;18;1;3;马会投注站;9999;71801;
1293090817;77;19;1;3;陵园;9999;71901;
1293090818;77;19;2;3;公墓;9999;71902;
1293090819;77;19;3;3;殡仪馆 ;9999;71903;
1308688385;78;1;1;3;综合体育馆;9999;80101;
1308688386;78;1;2;3;保龄球馆;9999;80102;
1308688387;78;1;3;3;网球场 ;9999;80103;
1308688388;78;1;4;3;篮球场馆;9999;80104;
1308688389;78;1;5;3;足球场;9999;80105;
1308688390;78;1;6;3;滑雪场;9999;80106;
1308688391;78;1;7;3;溜冰场 ;9999;80107;
1308688392;78;1;8;3;户外健身场所;9999;80108;
1308688393;78;1;9;3;海滨浴场;9999;80109;
1308688394;78;1;10;3;游泳馆;9999;80110;
1308688395;78;1;11;3;健身中心;9999;80111;
1308688396;78;1;12;3;乒乓球馆;9999;80112;
1308688397;78;1;13;3;台球厅;9999;80113;
1308688398;78;1;14;3;壁球场;9999;80114;
1308688399;78;1;15;3;马术俱乐部;9999;80115;
1308688400;78;1;16;3;赛马场;9999;80116;
1308688401;78;1;17;3;橄榄球场;9999;80117;
1308688402;78;1;18;3;羽毛球场;9999;80118;
1308688403;78;1;19;3;跆拳道场馆;9999;80119;
1308753921;78;2;1;3;高尔夫球场;9999;80201;
1308753922;78;2;2;3;高尔夫练习场;9999;80202;
1308819457;78;3;1;3;夜总会;9999;80301;
1308819458;78;3;2;3;KTV ;9999;80302;
1308819459;78;3;3;3;迪厅;9999;80303;
1308819460;78;3;4;3;酒吧;9999;80304;
1308819461;78;3;5;3;游戏厅;9999;80305;
1308819462;78;3;6;3;棋牌室;9999;80306;
1308819463;78;3;7;3;博采中心;9999;80307;
1308819464;78;3;8;3;网吧;9999;80308;
1308884993;78;4;1;3;度假村;9999;80401;
1308884994;78;4;2;3;疗养院;9999;80402;
1308950529;78;5;1;3;游乐场;9999;80501;
1308950530;78;5;2;3;垂钓园 ;9999;80502;
1308950531;78;5;3;3;采摘园;9999;80503;
1308950532;78;5;4;3;露营地;9999;80504;
1308950533;78;5;5;3;水上活动中心;9999;80505;
1309016065;78;6;1;3;电影院 ;9999;80601;
1309016066;78;6;2;3;音乐厅;9999;80602;
1309016067;78;6;3;3;剧场 ;9999;80603;
1325465601;79;1;1;3;三级甲等医院;9999;90101;
1325465602;79;1;2;3;卫生院;9999;90102;
1325531137;79;2;1;3;整形美容;9999;90201;
1325531138;79;2;2;3;口腔医院;9999;90202;
1325531139;79;2;3;3;眼科医院;9999;90203;
1325531140;79;2;4;3;耳鼻喉医院;9999;90204;
1325531141;79;2;5;3;胸科医院;9999;90205;
1325531142;79;2;6;3;骨科医院;9999;90206;
1325531143;79;2;7;3;肿瘤医院;9999;90207;
1325531144;79;2;8;3;脑科医院;9999;90208;
1325531145;79;2;9;3;妇科医院;9999;90209;
1325531146;79;2;10;3;精神病医院;9999;90210;
1325531147;79;2;11;3;传染病医院;9999;90211;
1325793281;79;6;1;3;药房 ;9999;90601;
1325793282;79;6;2;3;医疗保健用品;9999;90602;
1325858817;79;7;1;3;宠物诊所;9999;90701;
1325858818;79;7;2;3;兽医站 ;9999;90702;
1342242817;80;1;1;3;六星级及以上宾馆;9999;100101;
1342242818;80;1;2;3;五星级宾馆;9999;100102;
1342242819;80;1;3;3;四星级宾馆;9999;100103;
1342242820;80;1;4;3;三星级宾馆 ;9999;100104;
1342242821;80;1;5;3;经济型连锁酒店;9999;100105;
1342308353;80;2;1;3;青年旅舍;9999;100201;
1359020033;81;1;1;3;公园 ;9999;110101;
1359020034;81;1;2;3;动物园;9999;110102;
1359020035;81;1;3;3;植物园 ;9999;110103;
1359020036;81;1;4;3;水族馆 ;9999;110104;
1359020037;81;1;5;3;城市广场 ;9999;110105;
1359085569;81;2;1;3;世界遗产;9999;110201;
1359085570;81;2;2;3;国家级景点;9999;110202;
1359085571;81;2;3;3;省级景点;9999;110203;
1359085572;81;2;4;3;纪念馆;9999;110204;
1359085573;81;2;5;3;寺庙道观;9999;110205;
1359085574;81;2;6;3;教堂 ;9999;110206;
1359085575;81;2;7;3;回教寺;9999;110207;
1359085576;81;2;8;3;海滩;9999;110208;
1375862785;82;2;1;3;商务写字楼;9999;120201;
1375862786;82;2;2;3;工业大厦建筑物;9999;120202;
1375862787;82;2;3;3;商住两用楼宇;9999;120203;
1375928321;82;3;1;3;别墅;9999;120301;
1375928322;82;3;2;3;住宅小区;9999;120302;
1375928323;82;3;3;3;宿舍;9999;120303;
1375928324;82;3;4;3;社区中心 ;9999;120304;
1392574465;83;1;1;3;国家级机关及事业单位;9999;130101;
1392574466;83;1;2;3;省直辖市级政府及事业单位;9999;130102;
1392574467;83;1;3;3;地市级政府及事业单位;9999;130103;
1392574468;83;1;4;3;区县级政府及事业单位;9999;130104;
1392574469;83;1;5;3;乡镇级政府及事业单位;9999;130105;
1392574470;83;1;6;3;乡镇以下级政府及事业单位;9999;130106;
1392574471;83;1;7;3;外地政府办;9999;130107;
1392640001;83;2;1;3;外国使领馆;9999;130201;
1392640002;83;2;2;3;国际组织办事处;9999;130202;
1392771073;83;4;1;3;共青团;9999;130401;
1392771074;83;4;2;3;少先队;9999;130402;
1392771075;83;4;3;3;妇联;9999;130403;
1392771076;83;4;4;3;残联 ;9999;130404;
1392771077;83;4;5;3;红十字会 ;9999;130405;
1392771078;83;4;6;3;消费者协会;9999;130406;
1392771079;83;4;7;3;行业协会;9999;130407;
1392771080;83;4;8;3;慈善机构;9999;130408;
1392771081;83;4;9;3;教会;9999;130409;
1392836609;83;5;1;3;公安警察;9999;130501;
1392836610;83;5;2;3;检察院;9999;130502;
1392836611;83;5;3;3;法院 ;9999;130503;
1392836612;83;5;4;3;消防机关;9999;130504;
1392836613;83;5;5;3;公证鉴定机构;9999;130505;
1392836614;83;5;6;3;社会治安机构 ;9999;130506;
1392902145;83;6;1;3;交通管理机构;9999;130601;
1392902146;83;6;2;3;车辆管理机构;9999;130602;
1392902147;83;6;3;3;验车场;9999;130603;
1392902148;83;6;4;3;交通执法站 ;9999;130604;
1392967681;83;7;1;3;工商部门;9999;130701;
1392967682;83;7;2;3;国税机关;9999;130702;
1392967683;83;7;3;3;地税机关;9999;130703;
1409351681;84;1;1;3;奥迪博物馆;9999;140101;
1409351682;84;1;2;3;奔驰博物馆;9999;140102;
1410007041;84;11;1;3;电视台;9999;141101;
1410007042;84;11;2;3;电台;9999;141102;
1410007043;84;11;3;3;报社;9999;141103;
1410007044;84;11;4;3;杂志社;9999;141104;
1410007045;84;11;5;3;出版社;9999;141105;
1410072577;84;12;1;3;高等院校;9999;141201;
1410072578;84;12;2;3;中学;9999;141202;
1410072579;84;12;3;3;小学;9999;141203;
1410072580;84;12;4;3;幼儿园 ;9999;141204;
1410072581;84;12;5;3;成人教育 ;9999;141205;
1410072582;84;12;6;3;职业技术学校;9999;141206;
1426259969;85;3;1;3;客运港;9999;150301;
1426259970;85;3;2;3;车渡口;9999;150302;
1426259971;85;3;3;3;人渡口;9999;150303;
1426522113;85;7;1;3;旅游专线车站;9999;150701;
1426522114;85;7;2;3;普通公交站;9999;150702;
1426653185;85;9;1;3;室内停车场;9999;150901;
1426653186;85;9;2;3;室外停车场;9999;150902;
1426653187;85;9;3;3;停车换乘点;9999;150903;
1442906113;86;1;1;3;中国人民银行;9999;160101;
1442906114;86;1;2;3;国家开发银行;9999;160102;
1442906115;86;1;3;3;中国进出口银行;9999;160103;
1442906116;86;1;4;3;中国银行;9999;160104;
1442906117;86;1;5;3;中国工商银行;9999;160105;
1442906118;86;1;6;3;中国建设银行;9999;160106;
1442906119;86;1;7;3;中国农业银行;9999;160107;
1442906120;86;1;8;3;交通银行;9999;160108;
1442906121;86;1;9;3;招商银行;9999;160109;
1442906122;86;1;10;3;华夏银行;9999;160110;
1442906123;86;1;11;3;中信银行;9999;160111;
1442906124;86;1;12;3;中国民生银行;9999;160112;
1442906125;86;1;13;3;中国光大银行;9999;160113;
1442906126;86;1;14;3;上海银行;9999;160114;
1442906127;86;1;15;3;上海浦东发展银行;9999;160115;
1442906128;86;1;16;3;深圳发展银行;9999;160116;
1442906129;86;1;17;3;深圳平安银行;9999;160117;
1442906130;86;1;18;3;兴业银行;9999;160118;
1442906131;86;1;19;3;北京银行;9999;160119;
1442906132;86;1;20;3;广发银行;9999;160120;
1442906133;86;1;21;3;农村商业银行;9999;160121;
1442906134;86;1;22;3;香港恒生银行;9999;160122;
1442906135;86;1;23;3;东亚银行;9999;160123;
1442906136;86;1;24;3;花旗银行;9999;160124;
1442906137;86;1;25;3;渣打银行;9999;160125;
1442906138;86;1;26;3;汇丰银行;9999;160126;
1442906139;86;1;27;3;荷兰银行;9999;160127;
1442906140;86;1;28;3;美国运通银行;9999;160128;
1442906141;86;1;29;3;瑞士友邦银行;9999;160129;
1442906142;86;1;30;3;美国银行;9999;160130;
1442906143;86;1;31;3;蒙特利尔银行;9999;160131;
1442906144;86;1;32;3;纽约银行;9999;160132;
1442906145;86;1;33;3;苏格兰皇家银行;9999;160133;
1442906146;86;1;34;3;法国兴业银行;9999;160134;
1442906147;86;1;35;3;德意志银行;9999;160135;
1442906148;86;1;36;3;日本三菱东京日联银行;9999;160136;
1442906149;86;1;37;3;巴克莱银行;9999;160137;
1442906150;86;1;38;3;摩根大通银行;9999;160138;
1442906151;86;1;39;3;中国邮政储蓄银行;9999;160139;
1442906152;86;1;40;3;香港星展银行;9999;160140;
1442906153;86;1;41;3;南洋商业银行;9999;160141;
1442906154;86;1;42;3;上海商业银行;9999;160142;
1442906155;86;1;43;3;永亨银行;9999;160143;
1442906156;86;1;44;3;香港永隆银行;9999;160144;
1442906157;86;1;45;3;创兴银行;9999;160145;
1442906158;86;1;46;3;大新银行;9999;160146;
1442906159;86;1;47;3;中信银行国际;9999;160147;
1442906160;86;1;48;3;大众银行(香港);9999;160148;
1443037185;86;3;1;3;中国银行ATM;9999;160301;
1443037186;86;3;2;3;中国工商银行ATM;9999;160302;
1443037187;86;3;3;3;中国建设银行ATM;9999;160303;
1443037188;86;3;4;3;中国农业银行ATM;9999;160304;
1443037189;86;3;5;3;交通银行ATM;9999;160305;
1443037190;86;3;6;3;招商银行ATM;9999;160306;
1443037191;86;3;7;3;华夏银行ATM;9999;160307;
1443037192;86;3;8;3;中信银行ATM;9999;160308;
1443037193;86;3;9;3;中国民生银行ATM;9999;160309;
1443037194;86;3;10;3;中国光大银行ATM;9999;160310;
1443037195;86;3;11;3;上海银行ATM;9999;160311;
1443037196;86;3;12;3;上海浦东发展银行ATM;9999;160312;
1443037197;86;3;13;3;深圳发展银行ATM;9999;160313;
1443037198;86;3;14;3;深圳平安银行ATM;9999;160314;
1443037199;86;3;15;3;兴业银行ATM;9999;160315;
1443037200;86;3;16;3;北京银行ATM;9999;160316;
1443037201;86;3;17;3;广发银行ATM;9999;160317;
1443037202;86;3;18;3;农村商业银行ATM;9999;160318;
1443037203;86;3;19;3;香港恒生银行ATM;9999;160319;
1443037204;86;3;20;3;东亚银行ATM;9999;160320;
1443037205;86;3;21;3;花旗银行ATM;9999;160321;
1443037206;86;3;22;3;渣打银行ATM;9999;160322;
1443037207;86;3;23;3;汇丰银行ATM;9999;160323;
1443037208;86;3;24;3;荷兰银行ATM;9999;160324;
1443037209;86;3;25;3;美国运通银行ATM;9999;160325;
1443037210;86;3;26;3;瑞士友邦银行ATM;9999;160326;
1443037211;86;3;27;3;美国银行ATM;9999;160327;
1443037212;86;3;28;3;蒙特利尔银行ATM;9999;160328;
1443037213;86;3;29;3;纽约银行ATM;9999;160329;
1443037214;86;3;30;3;苏格兰皇家银行ATM;9999;160330;
1443037215;86;3;31;3;法国兴业银行ATM;9999;160331;
1443037216;86;3;32;3;德意志银行ATM;9999;160332;
1443037217;86;3;33;3;日本三菱东京日联银行ATM;9999;160333;
1443037218;86;3;34;3;巴克莱银行ATM;9999;160334;
1443037219;86;3;35;3;摩根大通银行ATM;9999;160335;
1443037220;86;3;36;3;中国邮政储蓄银行ATM;9999;160336;
1443037221;86;3;37;3;香港星展银行 ATM;9999;160337;
1443037222;86;3;38;3;南洋商业银行 ATM;9999;160338;
1443037223;86;3;39;3;上海商业银行 ATM;9999;160339;
1443037224;86;3;40;3;永亨银行 ATM;9999;160340;
1443037225;86;3;41;3;香港永隆银行 ATM;9999;160341;
1443037226;86;3;42;3;创兴银行 ATM;9999;160342;
1443037227;86;3;43;3;大新银行 ATM;9999;160343;
1443037228;86;3;44;3;中信银行国际 ATM;9999;160344;
1443037229;86;3;45;3;大众银行(香港) ATM;9999;160345;
1443102721;86;4;1;3;中国人民保险公司;9999;160401;
1443102722;86;4;2;3;中国人寿保险公司;9999;160402;
1443102723;86;4;3;3;中国平安保险公司;9999;160403;
1443102724;86;4;4;3;中国再保险公司;9999;160404;
1443102725;86;4;5;3;中国太平洋保险;9999;160405;
1443102726;86;4;6;3;新华人寿保险公司;9999;160406;
1443102727;86;4;7;3;华泰财产保险股份有限公司;9999;160407;
1443102728;86;4;8;3;泰康人寿保险公司;9999;160408;
1443168257;86;5;1;3;证券营业厅;9999;160501;
1459748865;87;2;1;3;广告装饰;9999;170201;
1459748866;87;2;2;3;建筑公司;9999;170202;
1459748867;87;2;3;3;医药公司;9999;170203;
1459748868;87;2;4;3;机械电子;9999;170204;
1459748869;87;2;5;3;冶金化工;9999;170205;
1459748870;87;2;6;3;网络科技;9999;170206;
1459748871;87;2;7;3;商业贸易;9999;170207;
1459748872;87;2;8;3;电信公司;9999;170208;
1459748873;87;2;9;3;矿产公司;9999;170209;
1459879937;87;4;1;3;渔场;9999;170401;
1459879938;87;4;2;3;农场;9999;170402;
1459879939;87;4;3;3;林场;9999;170403;
1459879940;87;4;4;3;牧场;9999;170404;
1459879941;87;4;5;3;家禽养殖基地;9999;170405;
1459879942;87;4;6;3;蔬菜基地;9999;170406;
1459879943;87;4;7;3;水果基地;9999;170407;
1459879944;87;4;8;3;花卉苗圃基地;9999;170408;
1476526081;88;2;1;3;高速收费站;9999;180201;
1476526082;88;2;2;3;国省道收费站;9999;180202;
1476526083;88;2;3;3;桥洞收费站;9999;180203;
1476591617;88;3;1;3;高速加油站服务区;9999;180301;
1476591618;88;3;2;3;高速停车区;9999;180302;
1493368835;89;3;3;3;环岛名;9999;190303;
1493368836;89;3;4;3;高速路出口;9999;190304;
1493368837;89;3;5;3;高速路入口;9999;190305;
1493368838;89;3;6;3;立交桥;9999;190306;
1493368839;89;3;7;3;桥;9999;190307;
1493368840;89;3;8;3;城市快速路出口;9999;190308;
1493368841;89;3;9;3;城市快速路入口;9999;190309;
1493368842;89;3;10;3;隧道;9999;190310;
